C 6 0.512 5.85 11.7 41.0
N 7 0.527 6.25 16.1 39.3
O 8 0.524 6.37 21.9 40.3
Ne 10 0.524 6.58 36.3 41.7
Al 13 0.485 8.41 73.6 47.2
Si 14 0.475 9.03 91.2 49.6
Ar 18 0.449 11.5 199.5 62.2
Ca 20 0.435 12.8 275.4 68.2
Ti 22 0.426 14.0 374.4 75.4
Cr 24 0.418 15.1 501.2 83.7
Mn 25 0.414 15.7 566.7 86.7
Fe 26 0.411 16.2 640.7 90.1
Ni 28 0.405 17.3 806.6 96.8
Cu 29 0.403 17.8 898.1 100.0
Zn 30 0.400 18.4 1000 103.5
Ga 31 0.397 19.1 1113 107.4
Ge 32 0.394 19.9 1240 111.7
Se 34 0.388 21.3 1468 116.0
Y 39 0.374 25.7 2291 134.5
Pd 46 0.357 32.9 4105 168.6
Ag 47 0.355 34.0 4365 171.1
Sn 50 0.347 38.0 5580 191.1
Sb 51 0.345 39.5 6026 197.6
Au 79 0.288 101 31623 391.7
Pb 82 0.283 113 38019 432.0
Bi 83 0.281 116 39204 433.1
